#Name: waxd.dat
#ProfileType: 3
#ScatteringType:0
#Wavelength: 0.124
#PlotSize: 1374
#PixelSize: 0.172
#xUnit: pixel
#SampleDistance: 5454.6
#IntSartAngle:0
#IntTermAngle:6.283
#Integrated Intensity
#q(1/nm)	Intensity	sigma
#-------------------
0.0000	4.500	1.500
0.0016	7.000	1.080
0.0032	4.375	0.740
0.0048	5.583	0.682
0.0064	4.625	0.538
0.0080	3.438	0.464
0.0096	3.591	0.404
0.0112	4.875	0.451
0.0128	4.679	0.409
0.0144	4.750	0.385
0.0160	5.000	0.408
0.0176	5.025	0.354
0.0192	4.342	0.338
0.0208	4.848	0.325
0.0224	5.114	0.341
0.0240	4.479	0.305
0.0256	5.538	0.326
0.0272	5.867	0.313
0.0288	25.683	0.654
0.0304	2993.150	7.063
0.0320	9602.703	12.249
0.0336	13296.414	13.782
0.0352	15774.544	15.231
0.0367	17542.782	14.997
0.0383	14401.145	13.765
0.0399	11278.695	11.728
0.0415	8875.686	10.159
0.0431	7184.438	9.477
0.0447	6062.571	7.865
0.0463	5112.807	7.622
0.0479	4457.370	6.676
0.0495	3888.240	6.236
0.0511	3437.750	5.749
0.0527	3073.346	5.436
0.0543	2788.123	5.129
0.0559	2465.467	4.533
0.0575	2252.264	4.525
0.0591	2045.975	4.095
0.0607	1862.811	3.908
0.0623	1730.000	3.862
0.0639	1564.194	3.417
0.0655	1454.515	3.345
0.0671	1328.421	3.080
0.0687	1236.794	3.016
0.0703	1154.642	2.935
0.0719	1049.460	2.645
0.0735	989.843	2.659
0.0751	919.688	2.444
0.0767	856.750	2.374
0.0783	806.975	2.260
0.0799	754.256	2.145
0.0815	713.329	2.125
0.0831	665.211	2.002
0.0847	632.211	1.952
0.0863	594.621	1.849
0.0879	561.916	1.777
0.0895	531.385	1.748
0.0911	505.505	1.667
0.0927	476.352	1.618
0.0943	457.057	1.543
0.0959	433.153	1.510
0.0975	411.628	1.449
0.0991	393.005	1.416
0.1007	377.510	1.388
0.1023	362.803	1.321
0.1039	346.377	1.303
0.1055	330.336	1.242
0.1071	321.750	1.232
0.1087	308.411	1.200
0.1102	294.658	1.152
0.1118	282.593	1.144
0.1134	273.338	1.095
0.1150	264.296	1.072
0.1166	258.047	1.055
0.1182	248.954	1.023
0.1198	239.328	1.016
0.1214	233.537	0.974
0.1230	227.721	0.974
0.1246	221.371	0.945
0.1262	216.350	0.923
0.1278	209.426	0.926
0.1294	202.187	0.869
0.1310	198.112	0.890
0.1326	192.331	0.841
0.1342	188.550	0.852
0.1358	184.529	0.821
0.1374	180.130	0.817
0.1390	175.805	0.804
0.1406	171.836	0.775
0.1422	161.332	0.759
0.1438	154.210	0.734
0.1454	147.684	0.709
0.1470	142.617	0.711
0.1486	139.159	0.679
0.1502	135.262	0.683
0.1518	130.386	0.661
0.1534	126.671	0.639
0.1550	123.980	0.649
0.1566	120.554	0.603
0.1582	118.132	0.625
0.1598	118.038	0.607
0.1614	115.415	0.604
0.1630	110.012	0.581
0.1646	109.693	0.575
0.1662	107.581	0.580
0.1678	105.352	0.558
0.1694	102.940	0.557
0.1710	102.479	0.551
0.1726	100.675	0.543
0.1742	98.829	0.539
0.1758	97.218	0.518
0.1774	96.292	0.528
0.1790	95.795	0.526
0.1806	95.619	0.515
0.1821	91.600	0.504
0.1837	91.353	0.498
0.1853	89.223	0.495
0.1869	91.205	0.493
0.1885	88.962	0.493
0.1901	87.826	0.485
0.1917	86.061	0.478
0.1933	85.270	0.472
0.1949	85.560	0.464
0.1965	87.173	0.472
0.1981	89.753	0.481
0.1997	90.384	0.483
0.2013	91.160	0.481
0.2029	91.641	0.472
0.2045	91.673	0.479
0.2061	90.847	0.470
0.2077	93.535	0.481
0.2093	91.219	0.466
0.2109	91.548	0.470
0.2125	93.376	0.476
0.2141	92.143	0.458
0.2157	93.270	0.472
0.2173	92.307	0.460
0.2189	92.897	0.467
0.2205	92.948	0.467
0.2221	91.467	0.450
0.2237	92.482	0.458
0.2253	91.173	0.450
0.2269	92.828	0.458
0.2285	92.177	0.455
0.2301	91.446	0.445
0.2317	92.502	0.453
0.2333	90.678	0.438
0.2349	92.713	0.449
0.2365	91.170	0.438
0.2381	91.718	0.441
0.2397	92.401	0.451
0.2413	91.179	0.429
0.2429	92.825	0.445
0.2445	90.823	0.430
0.2461	91.873	0.437
0.2477	92.794	0.437
0.2493	90.284	0.427
0.2509	93.033	0.435
0.2525	91.335	0.426
0.2540	92.871	0.430
0.2556	92.213	0.429
0.2572	92.307	0.425
0.2588	92.167	0.430
0.2604	91.889	0.416
0.2620	93.259	0.426
0.2636	91.958	0.420
0.2652	93.048	0.423
0.2668	93.023	0.425
0.2684	91.129	0.410
0.2700	93.584	0.423
0.2716	93.016	0.412
0.2732	93.304	0.415
0.2748	92.785	0.413
0.2764	92.859	0.410
0.2780	93.522	0.417
0.2796	92.668	0.408
0.2812	93.253	0.413
0.2828	93.373	0.406
0.2844	93.502	0.406
0.2860	93.334	0.413
0.2876	93.266	0.402
0.2892	93.690	0.408
0.2908	94.346	0.402
0.2924	94.172	0.403
0.2940	94.208	0.407
0.2956	94.108	0.399
0.2972	94.208	0.404
0.2988	93.596	0.394
0.3004	94.902	0.403
0.3020	94.796	0.398
0.3036	94.417	0.396
0.3052	95.557	0.399
0.3068	94.772	0.394
0.3084	95.072	0.399
0.3100	96.248	0.393
0.3116	96.597	0.396
0.3132	96.324	0.398
0.3148	95.741	0.389
0.3164	96.284	0.397
0.3180	96.664	0.388
0.3196	95.932	0.394
0.3212	97.586	0.394
0.3228	95.694	0.384
0.3243	97.168	0.393
0.3259	96.232	0.382
0.3275	97.191	0.393
0.3291	97.520	0.386
0.3307	97.171	0.387
0.3323	97.208	0.387
0.3339	97.715	0.382
0.3355	97.623	0.385
0.3371	98.207	0.383
0.3387	97.964	0.384
0.3403	98.251	0.383
0.3419	99.061	0.380
0.3435	97.988	0.383
0.3451	98.734	0.379
0.3467	98.853	0.381
0.3483	99.307	0.384
0.3499	98.814	0.376
0.3515	98.733	0.378
0.3531	98.899	0.372
0.3547	99.690	0.381
0.3563	99.439	0.374
0.3579	100.077	0.378
0.3595	99.907	0.378
0.3611	99.969	0.373
0.3627	100.077	0.373
0.3643	100.401	0.371
0.3659	100.344	0.375
0.3675	100.908	0.373
0.3691	100.945	0.372
0.3707	100.854	0.373
0.3723	101.952	0.369
0.3739	101.501	0.374
0.3755	101.548	0.368
0.3771	101.215	0.370
0.3787	102.126	0.373
0.3803	101.171	0.364
0.3819	101.888	0.372
0.3835	101.416	0.362
0.3851	101.673	0.368
0.3867	102.796	0.369
0.3883	102.740	0.365
0.3899	102.158	0.367
0.3915	102.091	0.357
0.3931	102.801	0.367
0.3946	102.501	0.363
0.3962	102.952	0.362
0.3978	102.647	0.367
0.3994	102.510	0.357
0.4010	103.866	0.364
0.4026	103.633	0.359
0.4042	102.327	0.360
0.4058	103.409	0.360
0.4074	103.552	0.358
0.4090	103.671	0.361
0.4106	102.989	0.353
0.4122	103.220	0.357
0.4138	102.545	0.352
0.4154	96.160	0.345
0.4170	92.405	0.337
0.4186	90.318	0.328
0.4202	88.405	0.326
0.4218	87.204	0.323
0.4234	84.475	0.320
0.4250	83.455	0.319
0.4266	89.084	0.321
0.4282	91.366	0.331
0.4298	92.963	0.328
0.4314	93.474	0.332
0.4330	94.456	0.333
0.4346	95.391	0.335
0.4362	96.040	0.338
0.4378	95.994	0.330
0.4394	97.205	0.336
0.4410	97.430	0.334
0.4426	98.062	0.335
0.4442	99.401	0.340
0.4458	99.820	0.335
0.4474	99.906	0.338
0.4490	100.063	0.334
0.4506	100.029	0.335
0.4522	101.471	0.339
0.4538	100.041	0.333
0.4554	101.187	0.338
0.4570	100.662	0.333
0.4586	99.945	0.333
0.4602	99.891	0.331
0.4618	99.457	0.330
0.4633	99.466	0.335
0.4649	98.716	0.325
0.4665	98.623	0.326
0.4681	98.540	0.326
0.4697	98.246	0.327
0.4713	97.346	0.324
0.4729	98.464	0.323
0.4745	97.465	0.325
0.4761	98.534	0.323
0.4777	96.887	0.321
0.4793	97.589	0.321
0.4809	96.156	0.317
0.4825	94.005	0.316
0.4841	93.282	0.310
0.4857	92.407	0.314
0.4873	92.202	0.307
0.4889	91.271	0.309
0.4905	90.772	0.307
0.4921	90.106	0.303
0.4937	89.828	0.304
0.4953	89.335	0.302
0.4969	88.345	0.302
0.4985	87.782	0.298
0.5001	87.462	0.297
0.5017	86.486	0.297
0.5033	86.959	0.296
0.5049	86.580	0.295
0.5065	85.962	0.294
0.5081	85.669	0.291
0.5097	84.008	0.291
0.5113	84.581	0.288
0.5129	83.744	0.290
0.5145	83.538	0.286
0.5161	82.859	0.286
0.5177	82.341	0.285
0.5193	81.365	0.281
0.5209	81.398	0.282
0.5225	81.270	0.278
0.5241	81.764	0.283
0.5257	80.214	0.278
0.5273	80.111	0.278
0.5289	79.162	0.277
0.5304	79.263	0.273
0.5320	79.166	0.275
0.5336	78.332	0.272
0.5352	79.715	0.275
0.5368	80.276	0.278
0.5384	80.577	0.273
0.5400	81.323	0.279
0.5416	80.502	0.271
0.5432	81.907	0.279
0.5448	80.657	0.274
0.5464	81.546	0.273
0.5480	81.124	0.277
0.5496	81.359	0.270
0.5512	80.696	0.275
0.5528	81.109	0.272
0.5544	80.779	0.272
0.5560	80.382	0.274
0.5576	80.463	0.268
0.5592	80.304	0.271
0.5608	80.790	0.270
0.5624	80.031	0.268
0.5640	79.873	0.269
0.5656	79.785	0.267
0.5672	79.796	0.269
0.5688	78.974	0.263
0.5704	78.691	0.265
0.5720	78.963	0.266
0.5736	78.277	0.262
0.5752	78.368	0.264
0.5768	77.403	0.261
0.5784	77.882	0.263
0.5800	77.096	0.258
0.5816	77.440	0.259
0.5832	76.934	0.261
0.5848	75.788	0.256
0.5864	77.201	0.259
0.5880	75.452	0.253
0.5896	75.904	0.256
0.5912	74.915	0.254
0.5928	75.983	0.256
0.5944	75.289	0.255
0.5960	73.951	0.249
0.5975	74.930	0.252
0.5991	74.386	0.250
0.6007	73.439	0.251
0.6023	73.885	0.250
0.6039	72.711	0.247
0.6055	72.556	0.248
0.6071	72.177	0.244
0.6087	72.022	0.245
0.6103	72.328	0.246
0.6119	71.535	0.244
0.6135	71.524	0.245
0.6151	70.761	0.240
0.6167	70.086	0.241
0.6183	70.204	0.240
0.6199	69.232	0.237
0.6215	68.809	0.239
0.6231	69.320	0.235
0.6247	68.396	0.237
0.6263	68.129	0.234
0.6279	67.878	0.235
0.6295	67.216	0.233
0.6311	66.981	0.232
0.6327	66.713	0.233
0.6343	65.845	0.229
0.6359	66.002	0.230
0.6375	65.417	0.227
0.6391	64.771	0.226
0.6407	64.645	0.228
0.6423	64.306	0.225
0.6439	63.572	0.226
0.6455	63.145	0.222
0.6471	63.168	0.221
0.6487	62.150	0.223
0.6503	62.115	0.218
0.6519	61.049	0.221
0.6535	61.284	0.217
0.6551	60.222	0.216
0.6567	60.186	0.215
0.6583	59.455	0.214
0.6599	58.854	0.215
0.6614	58.702	0.210
0.6630	58.105	0.211
0.6646	57.800	0.210
0.6662	57.088	0.208
0.6678	56.378	0.208
0.6694	56.074	0.205
0.6710	55.887	0.206
0.6726	55.135	0.204
0.6742	54.947	0.203
0.6758	54.431	0.203
0.6774	53.948	0.199
0.6790	53.601	0.201
0.6806	53.071	0.199
0.6822	52.274	0.197
0.6838	52.044	0.196
0.6854	51.222	0.196
0.6870	51.282	0.195
0.6886	50.540	0.193
0.6902	51.023	0.193
0.6918	50.046	0.192
0.6934	49.612	0.191
0.6950	49.119	0.190
0.6966	48.737	0.187
0.6982	48.808	0.189
0.6998	47.718	0.185
0.7014	47.876	0.186
0.7030	47.452	0.185
0.7046	46.576	0.182
0.7062	46.811	0.185
0.7078	46.270	0.181
0.7094	46.137	0.183
0.7110	45.322	0.179
0.7126	44.872	0.180
0.7142	45.109	0.180
0.7158	44.451	0.176
0.7174	44.177	0.178
0.7190	43.796	0.176
0.7206	43.356	0.175
0.7222	43.518	0.176
0.7238	42.797	0.172
0.7253	42.770	0.174
0.7269	42.089	0.171
0.7285	42.152	0.172
0.7301	41.540	0.170
0.7317	41.111	0.168
0.7333	41.171	0.170
0.7349	40.651	0.166
0.7365	40.882	0.169
0.7381	39.884	0.165
0.7397	39.824	0.165
0.7413	39.525	0.165
0.7429	38.908	0.163
0.7445	39.173	0.164
0.7461	38.181	0.161
0.7477	38.675	0.163
0.7493	38.179	0.161
0.7509	37.725	0.160
0.7525	37.515	0.160
0.7541	37.027	0.157
0.7557	36.991	0.157
0.7573	36.714	0.157
0.7589	36.093	0.156
0.7605	36.409	0.157
0.7621	35.603	0.153
0.7637	35.315	0.154
0.7653	35.783	0.153
0.7669	34.910	0.152
0.7685	34.910	0.152
0.7701	34.196	0.150
0.7717	34.216	0.151
0.7733	34.272	0.149
0.7749	33.720	0.149
0.7765	33.716	0.148
0.7781	33.477	0.148
0.7797	32.961	0.147
0.7813	32.886	0.146
0.7829	32.531	0.146
0.7845	32.483	0.144
0.7860	32.221	0.144
0.7876	32.056	0.145
0.7892	31.667	0.142
0.7908	31.510	0.143
0.7924	31.250	0.140
0.7940	31.163	0.142
0.7956	30.931	0.140
0.7972	30.806	0.140
0.7988	30.410	0.139
0.8004	29.863	0.137
0.8020	29.923	0.138
0.8036	29.713	0.137
0.8052	29.511	0.136
0.8068	29.177	0.136
0.8084	28.983	0.135
0.8100	28.925	0.136
0.8116	28.489	0.133
0.8132	28.229	0.132
0.8148	28.117	0.133
0.8164	28.278	0.132
0.8180	27.952	0.133
0.8196	27.325	0.129
0.8212	27.057	0.130
0.8228	26.723	0.128
0.8244	26.408	0.128
0.8260	26.273	0.127
0.8276	25.756	0.125
0.8292	25.654	0.126
0.8308	25.431	0.125
0.8324	25.082	0.123
0.8340	25.153	0.124
0.8356	24.611	0.122
0.8372	24.578	0.122
0.8388	24.566	0.122
0.8404	24.122	0.121
0.8420	24.012	0.120
0.8436	23.822	0.119
0.8452	23.488	0.119
0.8467	23.585	0.119
0.8483	23.300	0.121
0.8499	22.808	0.118
0.8515	22.902	0.119
0.8531	22.497	0.118
0.8547	22.683	0.118
0.8563	22.278	0.118
0.8579	22.225	0.117
0.8595	21.964	0.117
0.8611	21.594	0.116
0.8627	21.579	0.117
0.8643	21.460	0.116
0.8659	21.196	0.115
0.8675	21.374	0.117
0.8691	20.835	0.115
0.8707	20.759	0.114
0.8723	20.510	0.114
0.8739	20.536	0.113
0.8755	20.276	0.114
0.8771	20.429	0.113
0.8787	20.013	0.113
0.8803	20.230	0.113
0.8819	19.860	0.111
0.8835	19.707	0.112
0.8851	19.694	0.111
0.8867	19.278	0.111
0.8883	19.195	0.111
0.8899	18.896	0.109
0.8915	18.853	0.110
0.8931	18.787	0.108
0.8947	18.318	0.109
0.8963	18.394	0.108
0.8979	18.164	0.107
0.8995	18.096	0.108
0.9011	17.946	0.106
0.9027	17.759	0.107
0.9042	17.687	0.105
0.9058	17.423	0.105
0.9074	17.316	0.105
0.9090	17.239	0.105
0.9106	16.973	0.104
0.9122	16.892	0.103
0.9138	16.739	0.103
0.9154	16.669	0.103
0.9170	16.414	0.102
0.9186	16.365	0.102
0.9202	16.267	0.101
0.9218	16.260	0.102
0.9234	15.967	0.100
0.9250	15.912	0.100
0.9266	15.760	0.100
0.9282	15.431	0.098
0.9298	15.498	0.100
0.9314	15.259	0.098
0.9330	15.282	0.098
0.9346	15.114	0.097
0.9362	14.952	0.097
0.9378	14.776	0.097
0.9394	14.678	0.096
0.9410	14.340	0.095
0.9426	14.452	0.095
0.9442	14.248	0.095
0.9458	14.158	0.095
0.9474	14.142	0.094
0.9490	13.842	0.094
0.9506	13.833	0.093
0.9522	13.773	0.093
0.9538	13.483	0.092
0.9554	13.345	0.092
0.9570	13.171	0.092
0.9586	13.315	0.091
0.9602	13.085	0.091
0.9617	13.057	0.090
0.9633	12.696	0.089
0.9649	12.556	0.089
0.9665	12.616	0.088
0.9681	12.450	0.089
0.9697	12.164	0.087
0.9713	12.196	0.088
0.9729	12.289	0.087
0.9745	11.809	0.086
0.9761	11.620	0.086
0.9777	11.727	0.085
0.9793	11.508	0.085
0.9809	11.279	0.083
0.9825	11.181	0.084
0.9841	11.086	0.084
0.9857	11.088	0.082
0.9873	10.796	0.082
0.9889	10.785	0.081
0.9905	10.561	0.081
0.9921	10.401	0.080
0.9937	10.400	0.080
0.9953	10.216	0.080
0.9969	10.379	0.080
0.9985	9.994	0.079
1.0001	10.217	0.080
1.0017	10.207	0.079
1.0033	10.199	0.080
1.0049	10.189	0.079
1.0065	9.999	0.079
1.0081	10.128	0.079
1.0097	10.085	0.079
1.0113	9.943	0.079
1.0129	9.901	0.077
1.0145	9.827	0.078
1.0161	10.083	0.078
1.0176	9.917	0.078
1.0192	9.928	0.078
1.0208	9.889	0.078
1.0224	9.860	0.078
1.0240	9.830	0.077
1.0256	9.670	0.077
1.0272	9.801	0.077
1.0288	9.706	0.077
1.0304	9.710	0.078
1.0320	9.841	0.077
1.0336	9.758	0.078
1.0352	9.794	0.077
1.0368	458.872	0.531
1.0384	9.636	0.077
1.0400	9.685	0.076
1.0416	9.627	0.077
1.0432	9.687	0.076
1.0448	9.494	0.077
1.0464	9.611	0.076
1.0480	9.660	0.077
1.0496	9.495	0.076
1.0512	9.490	0.075
1.0528	9.659	0.077
1.0544	9.497	0.076
1.0560	9.441	0.076
1.0576	9.500	0.076
1.0592	9.604	0.076
1.0608	9.461	0.076
1.0624	9.365	0.075
1.0640	9.431	0.075
1.0656	9.469	0.076
1.0672	9.338	0.075
1.0688	9.354	0.075
1.0704	9.425	0.075
1.0719	9.280	0.075
1.0735	9.372	0.075
1.0751	9.312	0.075
1.0767	9.332	0.075
1.0783	9.201	0.074
1.0799	9.372	0.075
1.0815	9.176	0.074
1.0831	9.231	0.074
1.0847	9.136	0.074
1.0863	9.146	0.074
1.0879	9.154	0.074
1.0895	9.262	0.074
1.0911	9.110	0.074
1.0927	9.255	0.074
1.0943	9.151	0.074
1.0959	9.066	0.074
1.0975	9.233	0.074
1.0991	9.087	0.074
1.1007	8.944	0.072
1.1023	9.066	0.073
1.1039	8.972	0.073
1.1055	9.040	0.073
1.1071	8.861	0.073
1.1087	9.008	0.072
1.1103	9.043	0.073
1.1119	8.877	0.072
1.1135	8.900	0.072
1.1151	8.895	0.073
1.1167	8.985	0.072
1.1183	8.931	0.073
1.1199	8.861	0.072
1.1215	8.810	0.072
1.1230	8.759	0.072
1.1246	9.029	0.073
1.1262	8.855	0.072
1.1278	8.901	0.072
1.1294	8.767	0.072
1.1310	8.742	0.071
1.1326	8.826	0.072
1.1342	8.771	0.072
1.1358	8.651	0.071
1.1374	8.849	0.072
1.1390	8.706	0.071
1.1406	8.685	0.071
1.1422	8.674	0.071
1.1438	8.717	0.071
1.1454	8.505	0.071
1.1470	8.664	0.070
1.1486	8.682	0.071
1.1502	8.628	0.071
1.1518	8.651	0.071
1.1534	8.719	0.072
1.1550	8.572	0.070
1.1566	8.663	0.071
1.1582	8.560	0.070
1.1598	8.339	0.070
1.1614	8.297	0.069
1.1630	8.097	0.068
1.1646	8.104	0.069
1.1662	7.960	0.067
1.1678	7.872	0.067
1.1694	7.930	0.067
1.1710	7.854	0.067
1.1726	7.825	0.067
1.1742	7.828	0.067
1.1757	7.887	0.067
1.1773	7.764	0.066
1.1789	7.760	0.066
1.1805	7.586	0.066
1.1821	7.602	0.065
1.1837	7.644	0.066
1.1853	7.660	0.066
1.1869	7.654	0.066
1.1885	7.894	0.067
1.1901	7.677	0.066
1.1917	7.748	0.067
1.1933	7.791	0.066
1.1949	7.797	0.067
1.1965	7.821	0.066
1.1981	7.861	0.066
1.1997	8.005	0.068
1.2013	7.978	0.067
1.2029	7.734	0.066
1.2045	7.750	0.067
1.2061	7.737	0.068
1.2077	7.633	0.069
1.2093	7.705	0.068
1.2109	7.792	0.070
1.2125	7.648	0.069
1.2141	7.828	0.071
1.2157	7.740	0.071
1.2173	7.716	0.070
1.2189	7.702	0.071
1.2205	7.858	0.072
1.2221	7.788	0.071
1.2237	7.757	0.072
1.2252	7.649	0.071
1.2268	7.659	0.072
1.2284	7.626	0.072
1.2300	7.670	0.072
1.2316	7.712	0.073
1.2332	7.787	0.073
1.2348	7.722	0.073
1.2364	7.746	0.073
1.2380	7.571	0.072
1.2396	7.650	0.073
1.2412	7.646	0.074
1.2428	7.413	0.072
1.2444	7.572	0.074
1.2460	7.443	0.073
1.2476	7.559	0.074
1.2492	7.427	0.073
1.2508	7.521	0.073
1.2524	7.357	0.074
1.2540	7.516	0.075
1.2556	7.373	0.073
1.2572	7.290	0.073
1.2588	7.322	0.073
1.2604	7.375	0.074
1.2620	7.381	0.074
1.2636	7.292	0.074
1.2652	7.298	0.074
1.2668	7.338	0.074
1.2684	7.319	0.075
1.2700	7.153	0.074
1.2716	7.145	0.074
1.2731	7.179	0.075
1.2747	7.235	0.074
1.2763	7.284	0.075
1.2779	7.133	0.074
1.2795	7.155	0.075
1.2811	7.165	0.075
1.2827	7.192	0.075
1.2843	7.060	0.075
1.2859	6.910	0.074
1.2875	7.211	0.076
1.2891	7.046	0.075
1.2907	7.217	0.076
1.2923	7.015	0.075
1.2939	6.893	0.075
1.2955	6.973	0.075
1.2971	7.093	0.076
1.2987	7.087	0.076
1.3003	6.874	0.075
1.3019	7.029	0.076
1.3035	7.147	0.077
1.3051	6.950	0.075
1.3067	7.106	0.077
1.3083	7.156	0.077
1.3099	7.194	0.077
1.3115	7.131	0.078
1.3131	7.115	0.077
1.3147	7.038	0.077
1.3163	7.189	0.078
1.3179	7.041	0.077
1.3195	7.130	0.078
1.3210	7.102	0.078
1.3226	7.032	0.078
1.3242	7.003	0.077
1.3258	7.021	0.078
1.3274	7.088	0.078
1.3290	6.898	0.078
1.3306	7.058	0.078
1.3322	7.149	0.079
1.3338	6.796	0.077
1.3354	7.006	0.078
1.3370	6.867	0.077
1.3386	7.043	0.079
1.3402	7.044	0.079
1.3418	6.915	0.079
1.3434	6.785	0.077
1.3450	6.777	0.078
1.3466	6.737	0.078
1.3482	6.670	0.077
1.3498	6.837	0.079
1.3514	6.860	0.079
1.3530	6.779	0.078
1.3546	6.760	0.078
1.3562	6.793	0.079
1.3578	6.754	0.079
1.3594	6.898	0.080
1.3610	6.790	0.079
1.3626	6.733	0.079
1.3642	6.641	0.078
1.3658	6.611	0.079
1.3673	6.637	0.078
1.3689	6.488	0.079
1.3705	6.621	0.079
1.3721	6.669	0.080
1.3737	6.612	0.079
1.3753	6.527	0.078
1.3769	6.600	0.080
1.3785	6.567	0.079
1.3801	6.595	0.079
1.3817	6.614	0.080
1.3833	6.451	0.079
1.3849	6.583	0.081
1.3865	6.484	0.079
1.3881	6.468	0.079
1.3897	6.445	0.079
1.3913	6.525	0.080
1.3929	6.388	0.080
1.3945	6.451	0.079
1.3961	6.423	0.080
1.3977	6.393	0.079
1.3993	6.346	0.080
1.4009	6.598	0.081
1.4025	6.372	0.080
1.4041	6.303	0.080
1.4057	6.369	0.080
1.4073	6.256	0.079
1.4089	6.342	0.080
1.4105	6.314	0.080
1.4120	6.190	0.080
1.4136	6.323	0.080
1.4152	6.266	0.080
1.4168	6.398	0.081
1.4184	6.286	0.081
1.4200	6.270	0.081
1.4216	6.163	0.080
1.4232	6.220	0.081
1.4248	6.363	0.081
1.4264	6.157	0.081
1.4280	6.161	0.080
1.4296	5.994	0.079
1.4312	6.242	0.082
1.4328	6.354	0.081
1.4344	6.037	0.080
1.4360	6.086	0.080
1.4376	5.974	0.080
1.4392	6.001	0.081
1.4408	5.935	0.079
1.4424	5.994	0.080
1.4440	6.045	0.081
1.4456	5.884	0.080
1.4472	5.991	0.081
1.4488	6.031	0.081
1.4504	5.855	0.081
1.4520	5.798	0.079
1.4536	5.948	0.081
1.4551	5.995	0.081
1.4567	5.871	0.081
1.4583	6.113	0.083
1.4599	5.955	0.081
1.4615	5.833	0.081
1.4631	6.020	0.081
1.4647	5.953	0.082
1.4663	6.026	0.082
1.4679	6.004	0.082
1.4695	5.942	0.082
1.4711	6.094	0.083
1.4727	5.939	0.083
1.4743	6.015	0.082
1.4759	5.965	0.082
1.4775	5.871	0.082
1.4791	5.876	0.081
1.4807	5.900	0.082
1.4823	5.915	0.081
1.4839	5.947	0.082
1.4855	5.809	0.082
1.4871	5.795	0.081
1.4887	5.843	0.082
1.4903	5.743	0.081
1.4919	5.935	0.082
1.4935	5.808	0.081
1.4951	5.846	0.081
1.4967	5.667	0.081
1.4982	5.447	0.079
1.4998	5.328	0.078
1.5014	5.326	0.078
1.5030	5.156	0.077
1.5046	5.006	0.076
1.5062	4.979	0.075
1.5078	4.927	0.076
1.5094	4.920	0.075
1.5110	4.718	0.074
1.5126	4.756	0.074
1.5142	4.768	0.074
1.5158	4.482	0.072
1.5174	4.607	0.072
1.5190	4.465	0.072
1.5206	4.466	0.071
1.5222	4.331	0.071
1.5238	4.565	0.073
1.5254	4.621	0.073
1.5270	4.777	0.075
1.5286	4.905	0.075
1.5302	4.836	0.075
1.5318	4.780	0.074
1.5334	4.933	0.075
1.5350	4.915	0.076
1.5366	5.009	0.075
1.5382	5.004	0.076
1.5398	5.009	0.076
1.5413	5.012	0.076
1.5429	5.119	0.077
1.5445	4.991	0.075
1.5461	4.936	0.076
1.5477	5.005	0.076
1.5493	5.109	0.077
1.5509	5.022	0.077
1.5525	5.039	0.076
1.5541	5.006	0.077
1.5557	5.138	0.077
1.5573	5.032	0.076
1.5589	5.089	0.077
1.5605	4.995	0.076
1.5621	5.086	0.077
1.5637	5.129	0.077
1.5653	5.136	0.077
1.5669	5.210	0.078
1.5685	5.180	0.078
1.5701	5.284	0.079
1.5717	5.122	0.076
1.5733	5.216	0.078
1.5749	5.206	0.078
1.5765	5.083	0.077
1.5781	5.272	0.078
1.5797	5.056	0.077
1.5812	5.033	0.077
1.5828	5.089	0.076
1.5844	4.998	0.077
1.5860	5.101	0.077
1.5876	5.200	0.078
1.5892	5.044	0.077
1.5908	5.015	0.075
1.5924	5.175	0.078
1.5940	4.908	0.075
1.5956	5.001	0.077
1.5972	4.998	0.076
1.5988	5.074	0.077
1.6004	5.164	0.078
1.6020	5.030	0.077
1.6036	4.980	0.076
1.6052	4.966	0.076
1.6068	4.953	0.076
1.6084	5.103	0.078
1.6100	5.040	0.076
1.6116	5.000	0.077
1.6132	4.939	0.076
1.6148	5.039	0.077
1.6164	5.221	0.079
1.6180	5.039	0.076
1.6196	5.035	0.078
1.6211	4.823	0.075
1.6227	4.965	0.077
1.6243	4.931	0.076
1.6259	4.967	0.076
1.6275	4.960	0.077
1.6291	4.938	0.076
1.6307	5.041	0.077
1.6323	5.101	0.077
1.6339	5.026	0.077
1.6355	5.001	0.077
1.6371	5.079	0.077
1.6387	4.940	0.076
1.6403	4.812	0.075
1.6419	5.079	0.078
1.6435	4.962	0.077
1.6451	4.843	0.075
1.6467	4.960	0.077
1.6483	4.764	0.075
1.6499	4.968	0.077
1.6515	4.733	0.074
1.6531	5.040	0.077
1.6547	4.977	0.078
1.6563	4.869	0.076
1.6579	4.971	0.077
1.6595	4.945	0.076
1.6610	4.902	0.076
1.6626	4.922	0.077
1.6642	4.797	0.075
1.6658	4.965	0.077
1.6674	4.942	0.076
1.6690	4.821	0.076
1.6706	4.735	0.075
1.6722	4.912	0.076
1.6738	5.032	0.078
1.6754	4.964	0.076
1.6770	5.029	0.078
1.6786	4.928	0.076
1.6802	4.899	0.077
1.6818	5.075	0.078
1.6834	5.024	0.077
1.6850	5.089	0.078
1.6866	4.901	0.076
1.6882	5.031	0.078
1.6898	5.090	0.078
1.6914	5.167	0.078
1.6930	4.943	0.077
1.6946	5.021	0.077
1.6962	4.950	0.078
1.6978	4.940	0.076
1.6993	4.987	0.077
1.7009	4.956	0.077
1.7025	4.920	0.076
1.7041	4.964	0.078
1.7057	4.904	0.076
1.7073	4.944	0.077
1.7089	4.831	0.077
1.7105	4.995	0.077
1.7121	4.898	0.077
1.7137	5.061	0.078
1.7153	5.105	0.078
1.7169	5.027	0.078
1.7185	5.087	0.077
1.7201	5.018	0.078
1.7217	4.938	0.077
1.7233	4.926	0.077
1.7249	4.906	0.077
1.7265	4.968	0.077
1.7281	5.018	0.078
1.7297	5.044	0.078
1.7313	4.957	0.077
1.7329	4.839	0.076
1.7345	5.000	0.077
1.7360	4.929	0.077
1.7376	4.878	0.077
1.7392	4.980	0.077
1.7408	4.929	0.077
1.7424	4.667	0.075
1.7440	4.773	0.076
1.7456	4.871	0.077
1.7472	4.787	0.075
1.7488	4.880	0.077
1.7504	4.903	0.077
1.7520	4.720	0.075
1.7536	4.823	0.077
1.7552	4.860	0.076
1.7568	4.804	0.076
1.7584	4.894	0.077
1.7600	4.924	0.076
1.7616	4.960	0.078
1.7632	4.878	0.077
1.7648	4.748	0.076
1.7664	4.839	0.076
1.7680	4.834	0.076
1.7696	4.805	0.077
1.7712	4.931	0.077
1.7727	4.903	0.077
1.7743	4.781	0.076
1.7759	4.762	0.076
1.7775	4.798	0.076
1.7791	4.878	0.076
1.7807	4.721	0.076
1.7823	4.758	0.076
1.7839	4.815	0.077
1.7855	4.781	0.076
1.7871	4.835	0.076
1.7887	4.814	0.076
1.7903	4.726	0.076
1.7919	4.678	0.075
1.7935	4.706	0.075
1.7951	4.769	0.076
1.7967	4.731	0.076
1.7983	4.720	0.076
1.7999	4.606	0.074
1.8015	4.772	0.076
1.8031	4.711	0.076
1.8047	4.553	0.075
1.8063	4.796	0.076
1.8079	4.611	0.075
1.8094	4.577	0.075
1.8110	4.476	0.074
1.8126	4.674	0.076
1.8142	4.738	0.076
1.8158	4.510	0.074
1.8174	4.660	0.075
1.8190	4.587	0.075
1.8206	4.621	0.075
1.8222	4.752	0.076
1.8238	4.647	0.075
1.8254	4.691	0.076
1.8270	4.740	0.076
1.8286	4.587	0.075
1.8302	4.587	0.075
1.8318	4.519	0.074
1.8334	4.548	0.074
1.8350	4.506	0.075
1.8366	4.584	0.077
1.8382	4.583	0.079
1.8398	4.621	0.079
1.8414	4.655	0.081
1.8430	4.516	0.080
1.8445	4.802	0.083
1.8461	4.622	0.082
1.8477	4.659	0.082
1.8493	4.487	0.082
1.8509	4.475	0.082
1.8525	4.499	0.083
1.8541	4.580	0.084
1.8557	4.476	0.083
1.8573	4.633	0.086
1.8589	4.591	0.086
1.8605	4.458	0.084
1.8621	4.679	0.088
1.8637	4.515	0.086
1.8653	4.583	0.087
1.8669	4.566	0.087
1.8685	4.333	0.084
1.8701	4.527	0.088
1.8717	4.450	0.088
1.8733	4.310	0.086
1.8749	4.232	0.086
1.8765	4.021	0.084
1.8781	4.040	0.086
1.8796	3.950	0.084
1.8812	3.856	0.083
1.8828	3.884	0.085
1.8844	3.635	0.081
1.8860	3.475	0.081
1.8876	3.431	0.080
1.8892	3.300	0.079
1.8908	3.354	0.081
1.8924	3.198	0.078
1.8940	3.027	0.076
1.8956	2.917	0.075
1.8972	2.887	0.075
1.8988	2.865	0.076
1.9004	2.555	0.071
1.9020	2.327	0.068
1.9036	2.251	0.068
1.9052	2.210	0.067
1.9068	1.985	0.065
1.9084	1.638	0.058
1.9100	1.527	0.057
1.9116	1.241	0.052
1.9131	1.095	0.049
1.9147	0.943	0.045
1.9163	0.760	0.040
1.9179	0.667	0.038
1.9195	0.534	0.035
1.9211	0.580	0.036
1.9227	0.504	0.034
1.9243	0.511	0.034
1.9259	0.580	0.036
1.9275	0.543	0.035
1.9291	0.489	0.033
1.9307	0.508	0.034
1.9323	0.525	0.035
1.9339	0.590	0.037
1.9355	0.608	0.038
1.9371	0.586	0.038
1.9387	0.621	0.039
1.9403	0.631	0.039
1.9419	0.651	0.040
1.9435	0.596	0.039
1.9451	0.571	0.038
1.9466	0.541	0.037
1.9482	0.578	0.038
1.9498	0.563	0.038
1.9514	0.558	0.038
1.9530	0.636	0.041
1.9546	0.649	0.041
1.9562	0.614	0.040
1.9578	0.516	0.037
1.9594	0.529	0.038
1.9610	0.621	0.041
1.9626	0.593	0.040
1.9642	0.539	0.039
1.9658	0.527	0.039
1.9674	0.534	0.039
1.9690	0.596	0.041
1.9706	0.503	0.038
1.9722	0.604	0.042
1.9738	0.588	0.042
1.9754	0.541	0.040
1.9770	0.529	0.039
1.9785	0.550	0.041
1.9801	0.520	0.040
1.9817	0.495	0.039
1.9833	0.613	0.044
1.9849	0.542	0.041
1.9865	0.525	0.041
1.9881	0.550	0.042
1.9897	0.516	0.040
1.9913	0.490	0.040
1.9929	0.513	0.041
1.9945	0.603	0.045
1.9961	0.502	0.040
1.9977	0.447	0.038
1.9993	0.430	0.038
2.0009	0.526	0.043
2.0025	0.561	0.044
2.0041	0.509	0.042
2.0057	0.519	0.043
2.0073	0.505	0.043
2.0089	0.452	0.040
2.0104	0.507	0.043
2.0120	0.530	0.045
2.0136	0.485	0.042
2.0152	0.471	0.042
2.0168	0.466	0.042
2.0184	0.523	0.045
2.0200	0.560	0.047
2.0216	0.559	0.047
2.0232	0.412	0.040
2.0248	0.484	0.044
2.0264	0.448	0.042
2.0280	0.442	0.043
2.0296	0.589	0.048
2.0312	0.545	0.047
2.0328	0.506	0.046
2.0344	0.496	0.046
2.0360	0.542	0.048
2.0376	0.442	0.044
2.0392	0.317	0.037
2.0408	0.385	0.042
2.0423	0.568	0.050
2.0439	0.479	0.047
2.0455	0.417	0.044
2.0471	0.343	0.040
2.0487	0.500	0.049
2.0503	0.423	0.045
2.0519	0.440	0.046
2.0535	0.517	0.050
2.0551	0.426	0.046
2.0567	0.487	0.050
2.0583	0.483	0.049
2.0599	0.458	0.049
2.0615	0.373	0.044
2.0631	0.524	0.052
2.0647	0.484	0.051
2.0663	0.452	0.049
2.0679	0.464	0.051
2.0695	0.467	0.051
2.0711	0.433	0.049
2.0726	0.370	0.046
2.0742	0.480	0.052
2.0758	0.514	0.055
2.0774	0.488	0.055
2.0790	0.364	0.047
2.0806	0.438	0.052
2.0822	0.500	0.056
2.0838	0.491	0.056
2.0854	0.487	0.056
2.0870	0.455	0.054
2.0886	0.333	0.048
2.0902	0.368	0.049
2.0918	0.527	0.060
2.0934	0.393	0.053
2.0950	0.322	0.047
2.0966	0.331	0.050
2.0982	0.446	0.057
2.0998	0.363	0.052
2.1014	0.473	0.061
2.1029	0.447	0.058
2.1045	0.452	0.060
2.1061	0.384	0.055
2.1077	0.367	0.055
2.1093	0.403	0.058
2.1109	0.378	0.056
2.1125	0.451	0.063
2.1141	0.455	0.064
2.1157	0.333	0.056
2.1173	0.340	0.057
2.1189	0.398	0.061
2.1205	0.272	0.051
2.1221	0.290	0.054
2.1237	0.424	0.065
2.1253	0.370	0.063
2.1269	0.347	0.060
2.1285	0.323	0.059
2.1301	0.395	0.068
2.1317	0.341	0.061
2.1332	0.354	0.067
2.1348	0.341	0.063
2.1364	0.532	0.082
2.1380	0.320	0.065
2.1396	0.354	0.067
2.1412	0.221	0.057
2.1428	0.324	0.066
2.1444	0.403	0.078
2.1460	0.277	0.065
2.1476	0.508	0.088
2.1492	0.345	0.077
2.1508	0.355	0.076
2.1524	0.526	0.096
2.1540	0.547	0.102
2.1556	0.148	0.052
2.1572	0.313	0.081
2.1588	0.245	0.071
2.1604	0.304	0.081
2.1620	0.390	0.098
2.1635	0.302	0.084
2.1651	0.342	0.095
2.1667	0.432	0.108
2.1683	0.353	0.102
2.1699	0.194	0.079
2.1715	0.344	0.104
2.1731	0.556	0.143
2.1747	0.440	0.133
2.1763	0.458	0.138
2.1779	0.400	0.141
2.1795	0.150	0.087
2.1811	0.375	0.153
2.1827	0.667	0.211
2.1843	0.167	0.118
2.1859	0.111	0.111
2.1875	0.444	0.222
2.1891	0.400	0.283
2.1907	0.250	0.250
2.1922	1.000	0.000
